1. 题目描述：
完善顺表的类定义，实现以下函数
i. 从顺序表中删除具有最小值的元素并由函数返回被删元素的值，空出的位置由最后一个元素填补
ii. 从顺序表中删除具有给定x的所有元素
iii. 从顺序表中删除其值在给定 s与t之间（s < t）的所有元素

用例：
假如输入为：
10 
5 3  2  1  9  8  4    2   7  5  
5
2 5
则输出为：
顺序表数据为:5 3 2 1 9 8 4 2 7 5 
删除最小值后为:5 3 2 5 9 8 4 2 7 
最小值:1
删除相同值后为:3 2 9 8 4 2 7 
删除指定范围数值后为:2 9 8 2 7

2. 测试用例（能够为每个测试用例指定分值）  

测试用例1：
输入：
10 
5 3  2  1  9  8  4    2   7  5  
5
2 5
期望输出:
顺序表数据为:5 3 2 1 9 8 4 2 7 5 
删除最小值后为:5 3 2 5 9 8 4 2 7 
最小值:1
删除相同值后为:3 2 9 8 4 2 7 
删除指定范围数值后为:2 9 8 2 7

测试用例2：
输入：
13
1 3 5 3 4 5 6 3 2 4 2 4 2
3
1 6

期望输出：
顺序表数据为:1 3 5 3 4 5 6 3 2 4 2 4 2 
删除最小值后为:2 3 5 3 4 5 6 3 2 4 2 4 
最小值:1
删除相同值后为:2 5 4 5 6 2 4 2 4 
删除指定范围数值后为:6

3. 考查的点（评价的维度）：
类的构造函数中指针数据的初始化
类的析构函数中空间的释放
顺序表的查找操作
顺序表的删除操作
顺序表的移动操作


